2022/10/18-16:25:32.993687 7feb57302cc0 RocksDB version: 6.17.0
2022/10/18-16:25:32.993812 7feb57302cc0 Git sha 0
2022/10/18-16:25:32.993838 7feb57302cc0 DB SUMMARY
2022/10/18-16:25:32.993839 7feb57302cc0 DB Session ID:  I5A6ISLU1ND4I7KRQI7Y
2022/10/18-16:25:32.993861 7feb57302cc0 CURRENT file:  CURRENT
2022/10/18-16:25:32.993862 7feb57302cc0 IDENTITY file:  IDENTITY
2022/10/18-16:25:32.993864 7feb57302cc0 MANIFEST file:  MANIFEST-000068 size: 6004 Bytes
2022/10/18-16:25:32.993865 7feb57302cc0 SST files in /home/prakai/ic-projects/dkeeper/.dfx/state/replicated_state/node-100/ic_consensus_pool/consensus dir, Total Num: 12, files: 000072.sst 000073.sst 000074.sst 000075.sst 000076.sst 000077.sst 000078.sst 000079.sst 000080.sst 
2022/10/18-16:25:32.993866 7feb57302cc0 Write Ahead Log file in /home/prakai/ic-projects/dkeeper/.dfx/state/replicated_state/node-100/ic_consensus_pool/consensus: 000069.log size: 692072 ; 
2022/10/18-16:25:32.993866 7feb57302cc0                         Options.error_if_exists: 0
2022/10/18-16:25:32.993867 7feb57302cc0                       Options.create_if_missing: 1
2022/10/18-16:25:32.993868 7feb57302cc0                         Options.paranoid_checks: 1
2022/10/18-16:25:32.993868 7feb57302cc0                               Options.track_and_verify_wals_in_manifest: 0
2022/10/18-16:25:32.993869 7feb57302cc0                                     Options.env: 0x56542bd65380
2022/10/18-16:25:32.993869 7feb57302cc0                                      Options.fs: Posix File System
2022/10/18-16:25:32.993870 7feb57302cc0                                Options.info_log: 0x56546590c160
2022/10/18-16:25:32.993870 7feb57302cc0                Options.max_file_opening_threads: 16
2022/10/18-16:25:32.993871 7feb57302cc0                              Options.statistics: (nil)
2022/10/18-16:25:32.993872 7feb57302cc0                               Options.use_fsync: 1
2022/10/18-16:25:32.993872 7feb57302cc0                       Options.max_log_file_size: 0
2022/10/18-16:25:32.993873 7feb57302cc0                  Options.max_manifest_file_size: 1073741824
2022/10/18-16:25:32.993873 7feb57302cc0                   Options.log_file_time_to_roll: 0
2022/10/18-16:25:32.993874 7feb57302cc0                       Options.keep_log_file_num: 1000
2022/10/18-16:25:32.993874 7feb57302cc0                    Options.recycle_log_file_num: 0
2022/10/18-16:25:32.993875 7feb57302cc0                         Options.allow_fallocate: 1
2022/10/18-16:25:32.993875 7feb57302cc0                        Options.allow_mmap_reads: 0
2022/10/18-16:25:32.993876 7feb57302cc0                       Options.allow_mmap_writes: 0
2022/10/18-16:25:32.993876 7feb57302cc0                        Options.use_direct_reads: 0
2022/10/18-16:25:32.993877 7feb57302cc0                        Options.use_direct_io_for_flush_and_compaction: 0
2022/10/18-16:25:32.993877 7feb57302cc0          Options.create_missing_column_families: 1
2022/10/18-16:25:32.993877 7feb57302cc0                              Options.db_log_dir: 
2022/10/18-16:25:32.993878 7feb57302cc0                                 Options.wal_dir: /home/prakai/ic-projects/dkeeper/.dfx/state/replicated_state/node-100/ic_consensus_pool/consensus
2022/10/18-16:25:32.993878 7feb57302cc0                Options.table_cache_numshardbits: 6
2022/10/18-16:25:32.993879 7feb57302cc0                         Options.WAL_ttl_seconds: 0
2022/10/18-16:25:32.993879 7feb57302cc0                       Options.WAL_size_limit_MB: 0
2022/10/18-16:25:32.993880 7feb57302cc0                        Options.max_write_batch_group_size_bytes: 1048576
2022/10/18-16:25:32.993880 7feb57302cc0             Options.manifest_preallocation_size: 4194304
2022/10/18-16:25:32.993881 7feb57302cc0                     Options.is_fd_close_on_exec: 1
2022/10/18-16:25:32.993881 7feb57302cc0                   Options.advise_random_on_open: 1
2022/10/18-16:25:32.993882 7feb57302cc0                    Options.db_write_buffer_size: 0
2022/10/18-16:25:32.993882 7feb57302cc0                    Options.write_buffer_manager: 0x56546593b460
2022/10/18-16:25:32.993883 7feb57302cc0         Options.access_hint_on_compaction_start: 1
2022/10/18-16:25:32.993907 7feb57302cc0  Options.new_table_reader_for_compaction_inputs: 0
2022/10/18-16:25:32.993909 7feb57302cc0           Options.random_access_max_buffer_size: 1048576
2022/10/18-16:25:32.993909 7feb57302cc0                      Options.use_adaptive_mutex: 0
2022/10/18-16:25:32.993910 7feb57302cc0                            Options.rate_limiter: (nil)
2022/10/18-16:25:32.993911 7feb57302cc0     Options.sst_file_manager.rate_bytes_per_sec: 0
2022/10/18-16:25:32.993912 7feb57302cc0                       Options.wal_recovery_mode: 2
2022/10/18-16:25:32.993912 7feb57302cc0                  Options.enable_thread_tracking: 0
2022/10/18-16:25:32.993913 7feb57302cc0                  Options.enable_pipelined_write: 0
2022/10/18-16:25:32.993913 7feb57302cc0                  Options.unordered_write: 0
2022/10/18-16:25:32.993914 7feb57302cc0         Options.allow_concurrent_memtable_write: 1
2022/10/18-16:25:32.993914 7feb57302cc0      Options.enable_write_thread_adaptive_yield: 1
2022/10/18-16:25:32.993914 7feb57302cc0             Options.write_thread_max_yield_usec: 100
2022/10/18-16:25:32.993915 7feb57302cc0            Options.write_thread_slow_yield_usec: 3
2022/10/18-16:25:32.993916 7feb57302cc0                               Options.row_cache: None
2022/10/18-16:25:32.993916 7feb57302cc0                              Options.wal_filter: None
2022/10/18-16:25:32.993917 7feb57302cc0             Options.avoid_flush_during_recovery: 0
2022/10/18-16:25:32.993917 7feb57302cc0             Options.allow_ingest_behind: 0
2022/10/18-16:25:32.993917 7feb57302cc0             Options.preserve_deletes: 0
2022/10/18-16:25:32.993918 7feb57302cc0             Options.two_write_queues: 0
2022/10/18-16:25:32.993918 7feb57302cc0             Options.manual_wal_flush: 0
2022/10/18-16:25:32.993919 7feb57302cc0             Options.atomic_flush: 0
2022/10/18-16:25:32.993919 7feb57302cc0             Options.avoid_unnecessary_blocking_io: 0
2022/10/18-16:25:32.993920 7feb57302cc0                 Options.persist_stats_to_disk: 0
2022/10/18-16:25:32.993920 7feb57302cc0                 Options.write_dbid_to_manifest: 0
2022/10/18-16:25:32.993921 7feb57302cc0                 Options.log_readahead_size: 0
2022/10/18-16:25:32.993921 7feb57302cc0                 Options.file_checksum_gen_factory: Unknown
2022/10/18-16:25:32.993922 7feb57302cc0                 Options.best_efforts_recovery: 0
2022/10/18-16:25:32.993922 7feb57302cc0                Options.max_bgerror_resume_count: 2147483647
2022/10/18-16:25:32.993923 7feb57302cc0            Options.bgerror_resume_retry_interval: 1000000
2022/10/18-16:25:32.993923 7feb57302cc0             Options.allow_data_in_errors: 0
2022/10/18-16:25:32.993924 7feb57302cc0             Options.db_host_id: __hostname__
2022/10/18-16:25:32.993924 7feb57302cc0             Options.max_background_jobs: 2
2022/10/18-16:25:32.993925 7feb57302cc0             Options.max_background_compactions: -1
2022/10/18-16:25:32.993925 7feb57302cc0             Options.max_subcompactions: 1
2022/10/18-16:25:32.993926 7feb57302cc0             Options.avoid_flush_during_shutdown: 0
2022/10/18-16:25:32.993926 7feb57302cc0           Options.writable_file_max_buffer_size: 1048576
2022/10/18-16:25:32.993927 7feb57302cc0             Options.delayed_write_rate : 16777216
2022/10/18-16:25:32.993927 7feb57302cc0             Options.max_total_wal_size: 0
2022/10/18-16:25:32.993928 7feb57302cc0             Options.delete_obsolete_files_period_micros: 21600000000
2022/10/18-16:25:32.993928 7feb57302cc0                   Options.stats_dump_period_sec: 600
2022/10/18-16:25:32.993929 7feb57302cc0                 Options.stats_persist_period_sec: 600
2022/10/18-16:25:32.993929 7feb57302cc0                 Options.stats_history_buffer_size: 1048576
2022/10/18-16:25:32.993930 7feb57302cc0                          Options.max_open_files: -1
2022/10/18-16:25:32.993930 7feb57302cc0                          Options.bytes_per_sync: 0
2022/10/18-16:25:32.993931 7feb57302cc0                      Options.wal_bytes_per_sync: 0
2022/10/18-16:25:32.993931 7feb57302cc0                   Options.strict_bytes_per_sync: 0
2022/10/18-16:25:32.993952 7feb57302cc0       Options.compaction_readahead_size: 0
2022/10/18-16:25:32.993954 7feb57302cc0                  Options.max_background_flushes: -1
2022/10/18-16:25:32.993955 7feb57302cc0 Compression algorithms supported:
2022/10/18-16:25:32.993956 7feb57302cc0 	kZSTDNotFinalCompression supported: 1
2022/10/18-16:25:32.993959 7feb57302cc0 	kZSTD supported: 1
2022/10/18-16:25:32.993960 7feb57302cc0 	kXpressCompression supported: 0
2022/10/18-16:25:32.993961 7feb57302cc0 	kLZ4HCCompression supported: 1
2022/10/18-16:25:32.993961 7feb57302cc0 	kLZ4Compression supported: 1
2022/10/18-16:25:32.993962 7feb57302cc0 	kBZip2Compression supported: 1
2022/10/18-16:25:32.993962 7feb57302cc0 	kZlibCompression supported: 1
2022/10/18-16:25:32.993963 7feb57302cc0 	kSnappyCompression supported: 1
2022/10/18-16:25:32.993965 7feb57302cc0 Fast CRC32 supported: Supported on x86
2022/10/18-16:25:32.994004 7feb57302cc0 [db/version_set.cc:4758] Recovering from manifest file: /home/prakai/ic-projects/dkeeper/.dfx/state/replicated_state/node-100/ic_consensus_pool/consensus/MANIFEST-000068
2022/10/18-16:25:32.994137 7feb57302cc0 [db/column_family.cc:595] --------------- Options for column family [default]:
2022/10/18-16:25:32.994140 7feb57302cc0               Options.comparator: leveldb.BytewiseComparator
2022/10/18-16:25:32.994141 7feb57302cc0           Options.merge_operator: None
2022/10/18-16:25:32.994142 7feb57302cc0        Options.compaction_filter: None
2022/10/18-16:25:32.994142 7feb57302cc0        Options.compaction_filter_factory: None
2022/10/18-16:25:32.994143 7feb57302cc0  Options.sst_partitioner_factory: None
2022/10/18-16:25:32.994143 7feb57302cc0         Options.memtable_factory: SkipListFactory
2022/10/18-16:25:32.994144 7feb57302cc0            Options.table_factory: BlockBasedTable
2022/10/18-16:25:32.994166 7feb57302cc0            table_factory options:   flush_block_policy_factory: FlushBlockBySizePolicyFactory (0x565465937110)
  cache_index_and_filter_blocks: 0
  cache_index_and_filter_blocks_with_high_priority: 1
  pin_l0_filter_and_index_blocks_in_cache: 0
  pin_top_level_index_and_filter: 1
  index_type: 0
  data_block_index_type: 0
  index_shortening: 1
  data_block_hash_table_util_ratio: 0.750000
  hash_index_allow_collision: 1
  checksum: 1
  no_block_cache: 0
  block_cache: 0x565465937160
  block_cache_name: LRUCache
  block_cache_options:
    capacity : 8388608
    num_shard_bits : 4
    strict_capacity_limit : 0
    memory_allocator : None
    high_pri_pool_ratio: 0.000
  block_cache_compressed: (nil)
  persistent_cache: (nil)
  block_size: 4096
  block_size_deviation: 10
  block_restart_interval: 16
  index_block_restart_interval: 1
  metadata_block_size: 4096
  partition_filters: 0
  use_delta_encoding: 1
  filter_policy: nullptr
  whole_key_filtering: 1
  verify_compression: 0
  read_amp_bytes_per_bit: 0
  format_version: 4
  enable_index_compression: 1
  block_align: 0
2022/10/18-16:25:32.994169 7feb57302cc0        Options.write_buffer_size: 67108864
2022/10/18-16:25:32.994169 7feb57302cc0  Options.max_write_buffer_number: 2
2022/10/18-16:25:32.994170 7feb57302cc0          Options.compression: Snappy
2022/10/18-16:25:32.994170 7feb57302cc0                  Options.bottommost_compression: Disabled
2022/10/18-16:25:32.994171 7feb57302cc0       Options.prefix_extractor: nullptr
2022/10/18-16:25:32.994171 7feb57302cc0   Options.memtable_insert_with_hint_prefix_extractor: nullptr
2022/10/18-16:25:32.994172 7feb57302cc0             Options.num_levels: 7
2022/10/18-16:25:32.994172 7feb57302cc0        Options.min_write_buffer_number_to_merge: 1
2022/10/18-16:25:32.994173 7feb57302cc0     Options.max_write_buffer_number_to_maintain: 0
2022/10/18-16:25:32.994173 7feb57302cc0     Options.max_write_buffer_size_to_maintain: 0
2022/10/18-16:25:32.994174 7feb57302cc0            Options.bottommost_compression_opts.window_bits: -14
2022/10/18-16:25:32.994174 7feb57302cc0                  Options.bottommost_compression_opts.level: 32767
2022/10/18-16:25:32.994198 7feb57302cc0               Options.bottommost_compression_opts.strategy: 0
2022/10/18-16:25:32.994200 7feb57302cc0         Options.bottommost_compression_opts.max_dict_bytes: 0
2022/10/18-16:25:32.994201 7feb57302cc0         Options.bottommost_compression_opts.zstd_max_train_bytes: 0
2022/10/18-16:25:32.994202 7feb57302cc0         Options.bottommost_compression_opts.parallel_threads: 1
2022/10/18-16:25:32.994202 7feb57302cc0                  Options.bottommost_compression_opts.enabled: false
2022/10/18-16:25:32.994203 7feb57302cc0            Options.compression_opts.window_bits: -14
2022/10/18-16:25:32.994203 7feb57302cc0                  Options.compression_opts.level: 32767
2022/10/18-16:25:32.994204 7feb57302cc0               Options.compression_opts.strategy: 0
2022/10/18-16:25:32.994204 7feb57302cc0         Options.compression_opts.max_dict_bytes: 0
2022/10/18-16:25:32.994205 7feb57302cc0         Options.compression_opts.zstd_max_train_bytes: 0
2022/10/18-16:25:32.994205 7feb57302cc0         Options.compression_opts.parallel_threads: 1
2022/10/18-16:25:32.994206 7feb57302cc0                  Options.compression_opts.enabled: false
2022/10/18-16:25:32.994206 7feb57302cc0      Options.level0_file_num_compaction_trigger: 4
2022/10/18-16:25:32.994207 7feb57302cc0          Options.level0_slowdown_writes_trigger: 20
2022/10/18-16:25:32.994207 7feb57302cc0              Options.level0_stop_writes_trigger: 36
2022/10/18-16:25:32.994208 7feb57302cc0                   Options.target_file_size_base: 67108864
2022/10/18-16:25:32.994208 7feb57302cc0             Options.target_file_size_multiplier: 1
2022/10/18-16:25:32.994209 7feb57302cc0                Options.max_bytes_for_level_base: 268435456
2022/10/18-16:25:32.994209 7feb57302cc0 Options.level_compaction_dynamic_level_bytes: 0
2022/10/18-16:25:32.994210 7feb57302cc0          Options.max_bytes_for_level_multiplier: 10.000000
2022/10/18-16:25:32.994211 7feb57302cc0 Options.max_bytes_for_level_multiplier_addtl[0]: 1
2022/10/18-16:25:32.994212 7feb57302cc0 Options.max_bytes_for_level_multiplier_addtl[1]: 1
2022/10/18-16:25:32.994212 7feb57302cc0 Options.max_bytes_for_level_multiplier_addtl[2]: 1
2022/10/18-16:25:32.994213 7feb57302cc0 Options.max_bytes_for_level_multiplier_addtl[3]: 1
2022/10/18-16:25:32.994213 7feb57302cc0 Options.max_bytes_for_level_multiplier_addtl[4]: 1
2022/10/18-16:25:32.994214 7feb57302cc0 Options.max_bytes_for_level_multiplier_addtl[5]: 1
2022/10/18-16:25:32.994214 7feb57302cc0 Options.max_bytes_for_level_multiplier_addtl[6]: 1
2022/10/18-16:25:32.994215 7feb57302cc0       Options.max_sequential_skip_in_iterations: 8
2022/10/18-16:25:32.994215 7feb57302cc0                    Options.max_compaction_bytes: 1677721600
2022/10/18-16:25:32.994216 7feb57302cc0                        Options.arena_block_size: 8388608
2022/10/18-16:25:32.994216 7feb57302cc0   Options.soft_pending_compaction_bytes_limit: 68719476736
2022/10/18-16:25:32.994217 7feb57302cc0   Options.hard_pending_compaction_bytes_limit: 274877906944
2022/10/18-16:25:32.994217 7feb57302cc0       Options.rate_limit_delay_max_milliseconds: 100
2022/10/18-16:25:32.994218 7feb57302cc0                Options.disable_auto_compactions: 0
2022/10/18-16:25:32.994219 7feb57302cc0                        Options.compaction_style: kCompactionStyleLevel
2022/10/18-16:25:32.994220 7feb57302cc0                          Options.compaction_pri: kMinOverlappingRatio
2022/10/18-16:25:32.994221 7feb57302cc0 Options.compaction_options_universal.size_ratio: 1
2022/10/18-16:25:32.994221 7feb57302cc0 Options.compaction_options_universal.min_merge_width: 2
2022/10/18-16:25:32.994222 7feb57302cc0 Options.compaction_options_universal.max_merge_width: 4294967295
2022/10/18-16:25:32.994222 7feb57302cc0 Options.compaction_options_universal.max_size_amplification_percent: 200
2022/10/18-16:25:32.994223 7feb57302cc0 Options.compaction_options_universal.compression_size_percent: -1
2022/10/18-16:25:32.994224 7feb57302cc0 Options.compaction_options_universal.stop_style: kCompactionStopStyleTotalSize
2022/10/18-16:25:32.994224 7feb57302cc0 Options.compaction_options_fifo.max_table_files_size: 1073741824
2022/10/18-16:25:32.994232 7feb57302cc0 Options.compaction_options_fifo.allow_compaction: 0
2022/10/18-16:25:32.994234 7feb57302cc0                   Options.table_properties_collectors: 
2022/10/18-16:25:32.994235 7feb57302cc0                   Options.inplace_update_support: 0
2022/10/18-16:25:32.994236 7feb57302cc0                 Options.inplace_update_num_locks: 10000
2022/10/18-16:25:32.994236 7feb57302cc0               Options.memtable_prefix_bloom_size_ratio: 0.000000
2022/10/18-16:25:32.994237 7feb57302cc0               Options.memtable_whole_key_filtering: 0
2022/10/18-16:25:32.994237 7feb57302cc0   Options.memtable_huge_page_size: 0
2022/10/18-16:25:32.994238 7feb57302cc0                           Options.bloom_locality: 0
2022/10/18-16:25:32.994238 7feb57302cc0                    Options.max_successive_merges: 0
2022/10/18-16:25:32.994239 7feb57302cc0                Options.optimize_filters_for_hits: 0
2022/10/18-16:25:32.994239 7feb57302cc0                Options.paranoid_file_checks: 0
2022/10/18-16:25:32.994240 7feb57302cc0                Options.force_consistency_checks: 1
2022/10/18-16:25:32.994240 7feb57302cc0                Options.report_bg_io_stats: 0
2022/10/18-16:25:32.994240 7feb57302cc0                               Options.ttl: 2592000
2022/10/18-16:25:32.994241 7feb57302cc0          Options.periodic_compaction_seconds: 0
2022/10/18-16:25:32.994241 7feb57302cc0                    Options.enable_blob_files: false
2022/10/18-16:25:32.994242 7feb57302cc0                        Options.min_blob_size: 0
2022/10/18-16:25:32.994242 7feb57302cc0                       Options.blob_file_size: 268435456
2022/10/18-16:25:32.994243 7feb57302cc0                Options.blob_compression_type: NoCompression
2022/10/18-16:25:32.994243 7feb57302cc0       Options.enable_blob_garbage_collection: false
2022/10/18-16:25:32.994244 7feb57302cc0   Options.blob_garbage_collection_age_cutoff: 0.250000
2022/10/18-16:25:32.994295 7feb57302cc0 [db/column_family.cc:595] --------------- Options for column family [RB]:
2022/10/18-16:25:32.994297 7feb57302cc0               Options.comparator: leveldb.BytewiseComparator
2022/10/18-16:25:32.994298 7feb57302cc0           Options.merge_operator: None
2022/10/18-16:25:32.994300 7feb57302cc0        Options.compaction_filter: filter_outdated
2022/10/18-16:25:32.994301 7feb57302cc0        Options.compaction_filter_factory: None
2022/10/18-16:25:32.994301 7feb57302cc0  Options.sst_partitioner_factory: None
2022/10/18-16:25:32.994302 7feb57302cc0         Options.memtable_factory: SkipListFactory
2022/10/18-16:25:32.994302 7feb57302cc0            Options.table_factory: BlockBasedTable
2022/10/18-16:25:32.994317 7feb57302cc0            table_factory options:   flush_block_policy_factory: FlushBlockBySizePolicyFactory (0x56546591d310)
  cache_index_and_filter_blocks: 0
  cache_index_and_filter_blocks_with_high_priority: 1
  pin_l0_filter_and_index_blocks_in_cache: 0
  pin_top_level_index_and_filter: 1
  index_type: 0
  data_block_index_type: 0
  index_shortening: 1
  data_block_hash_table_util_ratio: 0.750000
  hash_index_allow_collision: 1
  checksum: 1
  no_block_cache: 0
  block_cache: 0x56546591d360
  block_cache_name: LRUCache
  block_cache_options:
    capacity : 8388608
    num_shard_bits : 4
    strict_capacity_limit : 0
    memory_allocator : None
    high_pri_pool_ratio: 0.000
  block_cache_compressed: (nil)
  persistent_cache: (nil)
  block_size: 4096
  block_size_deviation: 10
  block_restart_interval: 16
  index_block_restart_interval: 1
  metadata_block_size: 4096
  partition_filters: 0
  use_delta_encoding: 1
  filter_policy: nullptr
  whole_key_filtering: 1
  verify_compression: 0
  read_amp_bytes_per_bit: 0
  format_version: 4
  enable_index_compression: 1
  block_align: 0
2022/10/18-16:25:32.994320 7feb57302cc0        Options.write_buffer_size: 67108864
2022/10/18-16:25:32.994321 7feb57302cc0  Options.max_write_buffer_number: 2
2022/10/18-16:25:32.994322 7feb57302cc0          Options.compression: NoCompression
2022/10/18-16:25:32.994343 7feb57302cc0                  Options.bottommost_compression: Disabled
2022/10/18-16:25:32.994345 7feb57302cc0       Options.prefix_extractor: nullptr
2022/10/18-16:25:32.994346 7feb57302cc0   Options.memtable_insert_with_hint_prefix_extractor: nullptr
2022/10/18-16:25:32.994346 7feb57302cc0             Options.num_levels: 7
2022/10/18-16:25:32.994347 7feb57302cc0        Options.min_write_buffer_number_to_merge: 1
2022/10/18-16:25:32.994348 7feb57302cc0     Options.max_write_buffer_number_to_maintain: 0
2022/10/18-16:25:32.994348 7feb57302cc0     Options.max_write_buffer_size_to_maintain: 0
2022/10/18-16:25:32.994349 7feb57302cc0            Options.bottommost_compression_opts.window_bits: -14
2022/10/18-16:25:32.994349 7feb57302cc0                  Options.bottommost_compression_opts.level: 32767
2022/10/18-16:25:32.994350 7feb57302cc0               Options.bottommost_compression_opts.strategy: 0
2022/10/18-16:25:32.994350 7feb57302cc0         Options.bottommost_compression_opts.max_dict_bytes: 0
2022/10/18-16:25:32.994350 7feb57302cc0         Options.bottommost_compression_opts.zstd_max_train_bytes: 0
2022/10/18-16:25:32.994351 7feb57302cc0         Options.bottommost_compression_opts.parallel_threads: 1
2022/10/18-16:25:32.994351 7feb57302cc0                  Options.bottommost_compression_opts.enabled: false
2022/10/18-16:25:32.994352 7feb57302cc0            Options.compression_opts.window_bits: -14
2022/10/18-16:25:32.994352 7feb57302cc0                  Options.compression_opts.level: 32767
2022/10/18-16:25:32.994353 7feb57302cc0               Options.compression_opts.strategy: 0
2022/10/18-16:25:32.994353 7feb57302cc0         Options.compression_opts.max_dict_bytes: 0
2022/10/18-16:25:32.994354 7feb57302cc0         Options.compression_opts.zstd_max_train_bytes: 0
2022/10/18-16:25:32.994354 7feb57302cc0         Options.compression_opts.parallel_threads: 1
2022/10/18-16:25:32.994355 7feb57302cc0                  Options.compression_opts.enabled: false
2022/10/18-16:25:32.994355 7feb57302cc0      Options.level0_file_num_compaction_trigger: 4
2022/10/18-16:25:32.994356 7feb57302cc0          Options.level0_slowdown_writes_trigger: 20
2022/10/18-16:25:32.994356 7feb57302cc0              Options.level0_stop_writes_trigger: 36
2022/10/18-16:25:32.994357 7feb57302cc0                   Options.target_file_size_base: 67108864
2022/10/18-16:25:32.994357 7feb57302cc0             Options.target_file_size_multiplier: 1
2022/10/18-16:25:32.994358 7feb57302cc0                Options.max_bytes_for_level_base: 268435456
2022/10/18-16:25:32.994358 7feb57302cc0 Options.level_compaction_dynamic_level_bytes: 0
2022/10/18-16:25:32.994359 7feb57302cc0          Options.max_bytes_for_level_multiplier: 10.000000
2022/10/18-16:25:32.994360 7feb57302cc0 Options.max_bytes_for_level_multiplier_addtl[0]: 1
2022/10/18-16:25:32.994361 7feb57302cc0 Options.max_bytes_for_level_multiplier_addtl[1]: 1
2022/10/18-16:25:32.994361 7feb57302cc0 Options.max_bytes_for_level_multiplier_addtl[2]: 1
2022/10/18-16:25:32.994362 7feb57302cc0 Options.max_bytes_for_level_multiplier_addtl[3]: 1
2022/10/18-16:25:32.994362 7feb57302cc0 Options.max_bytes_for_level_multiplier_addtl[4]: 1
2022/10/18-16:25:32.994363 7feb57302cc0 Options.max_bytes_for_level_multiplier_addtl[5]: 1
2022/10/18-16:25:32.994363 7feb57302cc0 Options.max_bytes_for_level_multiplier_addtl[6]: 1
2022/10/18-16:25:32.994363 7feb57302cc0       Options.max_sequential_skip_in_iterations: 8
2022/10/18-16:25:32.994364 7feb57302cc0                    Options.max_compaction_bytes: 1677721600
2022/10/18-16:25:32.994364 7feb57302cc0                        Options.arena_block_size: 8388608
2022/10/18-16:25:32.994365 7feb57302cc0   Options.soft_pending_compaction_bytes_limit: 68719476736
2022/10/18-16:25:32.994365 7feb57302cc0   Options.hard_pending_compaction_bytes_limit: 274877906944
2022/10/18-16:25:32.994366 7feb57302cc0       Options.rate_limit_delay_max_milliseconds: 100
2022/10/18-16:25:32.994366 7feb57302cc0                Options.disable_auto_compactions: 1
2022/10/18-16:25:32.994388 7feb57302cc0                        Options.compaction_style: kCompactionStyleLevel
2022/10/18-16:25:32.994390 7feb57302cc0                          Options.compaction_pri: kMinOverlappingRatio
2022/10/18-16:25:32.994391 7feb57302cc0 Options.compaction_options_universal.size_ratio: 1
2022/10/18-16:25:32.994392 7feb57302cc0 Options.compaction_options_universal.min_merge_width: 2
2022/10/18-16:25:32.994392 7feb57302cc0 Options.compaction_options_universal.max_merge_width: 4294967295
2022/10/18-16:25:32.994393 7feb57302cc0 Options.compaction_options_universal.max_size_amplification_percent: 200
2022/10/18-16:25:32.994393 7feb57302cc0 Options.compaction_options_universal.compression_size_percent: -1
2022/10/18-16:25:32.994394 7feb57302cc0 Options.compaction_options_universal.stop_style: kCompactionStopStyleTotalSize
2022/10/18-16:25:32.994394 7feb57302cc0 Options.compaction_options_fifo.max_table_files_size: 1073741824
2022/10/18-16:25:32.994395 7feb57302cc0 Options.compaction_options_fifo.allow_compaction: 0
2022/10/18-16:25:32.994396 7feb57302cc0                   Options.table_properties_collectors: 
2022/10/18-16:25:32.994397 7feb57302cc0                   Options.inplace_update_support: 0
2022/10/18-16:25:32.994397 7feb57302cc0                 Options.inplace_update_num_locks: 10000
2022/10/18-16:25:32.994398 7feb57302cc0               Options.memtable_prefix_bloom_size_ratio: 0.000000
2022/10/18-16:25:32.994399 7feb57302cc0               Options.memtable_whole_key_filtering: 0
2022/10/18-16:25:32.994400 7feb57302cc0   Options.memtable_huge_page_size: 0
2022/10/18-16:25:32.994400 7feb57302cc0                           Options.bloom_locality: 0
2022/10/18-16:25:32.994401 7feb57302cc0                    Options.max_successive_merges: 0
2022/10/18-16:25:32.994401 7feb57302cc0                Options.optimize_filters_for_hits: 0
2022/10/18-16:25:32.994401 7feb57302cc0                Options.paranoid_file_checks: 0
2022/10/18-16:25:32.994402 7feb57302cc0                Options.force_consistency_checks: 1
2022/10/18-16:25:32.994402 7feb57302cc0                Options.report_bg_io_stats: 0
2022/10/18-16:25:32.994403 7feb57302cc0                               Options.ttl: 2592000
2022/10/18-16:25:32.994403 7feb57302cc0          Options.periodic_compaction_seconds: 2592000
2022/10/18-16:25:32.994404 7feb57302cc0                    Options.enable_blob_files: false
2022/10/18-16:25:32.994404 7feb57302cc0                        Options.min_blob_size: 0
2022/10/18-16:25:32.994405 7feb57302cc0                       Options.blob_file_size: 268435456
2022/10/18-16:25:32.994405 7feb57302cc0                Options.blob_compression_type: NoCompression
2022/10/18-16:25:32.994406 7feb57302cc0       Options.enable_blob_garbage_collection: false
2022/10/18-16:25:32.994406 7feb57302cc0   Options.blob_garbage_collection_age_cutoff: 0.250000
2022/10/18-16:25:32.994431 7feb57302cc0 [db/column_family.cc:595] --------------- Options for column family [FZ]:
2022/10/18-16:25:32.994432 7feb57302cc0               Options.comparator: leveldb.BytewiseComparator
2022/10/18-16:25:32.994433 7feb57302cc0           Options.merge_operator: None
2022/10/18-16:25:32.994434 7feb57302cc0        Options.compaction_filter: filter_outdated
2022/10/18-16:25:32.994434 7feb57302cc0        Options.compaction_filter_factory: None
2022/10/18-16:25:32.994435 7feb57302cc0  Options.sst_partitioner_factory: None
2022/10/18-16:25:32.994435 7feb57302cc0         Options.memtable_factory: SkipListFactory
2022/10/18-16:25:32.994436 7feb57302cc0            Options.table_factory: BlockBasedTable
2022/10/18-16:25:32.994446 7feb57302cc0            table_factory options:   flush_block_policy_factory: FlushBlockBySizePolicyFactory (0x56546591f5a0)
  cache_index_and_filter_blocks: 0
  cache_index_and_filter_blocks_with_high_priority: 1
  pin_l0_filter_and_index_blocks_in_cache: 0
  pin_top_level_index_and_filter: 1
  index_type: 0
  data_block_index_type: 0
  index_shortening: 1
  data_block_hash_table_util_ratio: 0.750000
  hash_index_allow_collision: 1
  checksum: 1
  no_block_cache: 0
  block_cache: 0x56546591f5f0
  block_cache_name: LRUCache
  block_cache_options:
    capacity : 8388608
    num_shard_bits : 4
    strict_capacity_limit : 0
    memory_allocator : None
    high_pri_pool_ratio: 0.000
  block_cache_compressed: (nil)
  persistent_cache: (nil)
  block_size: 4096
  block_size_deviation: 10
  block_restart_interval: 16
  index_block_restart_interval: 1
  metadata_block_size: 4096
  partition_filters: 0
  use_delta_encoding: 1
  filter_policy: nullptr
  whole_key_filtering: 1
  verify_compression: 0
  read_amp_bytes_per_bit: 0
  format_version: 4
  enable_index_compression: 1
  block_align: 0
2022/10/18-16:25:32.994468 7feb57302cc0        Options.write_buffer_size: 67108864
2022/10/18-16:25:32.994470 7feb57302cc0  Options.max_write_buffer_number: 2
2022/10/18-16:25:32.994471 7feb57302cc0          Options.compression: NoCompression
2022/10/18-16:25:32.994471 7feb57302cc0                  Options.bottommost_compression: Disabled
2022/10/18-16:25:32.994472 7feb57302cc0       Options.prefix_extractor: nullptr
2022/10/18-16:25:32.994473 7feb57302cc0   Options.memtable_insert_with_hint_prefix_extractor: nullptr
2022/10/18-16:25:32.994473 7feb57302cc0             Options.num_levels: 7
2022/10/18-16:25:32.994474 7feb57302cc0        Options.min_write_buffer_number_to_merge: 1
2022/10/18-16:25:32.994474 7feb57302cc0     Options.max_write_buffer_number_to_maintain: 0
2022/10/18-16:25:32.994474 7feb57302cc0     Options.max_write_buffer_size_to_maintain: 0
2022/10/18-16:25:32.994475 7feb57302cc0            Options.bottommost_compression_opts.window_bits: -14
2022/10/18-16:25:32.994475 7feb57302cc0                  Options.bottommost_compression_opts.level: 32767
2022/10/18-16:25:32.994476 7feb57302cc0               Options.bottommost_compression_opts.strategy: 0
2022/10/18-16:25:32.994476 7feb57302cc0         Options.bottommost_compression_opts.max_dict_bytes: 0
2022/10/18-16:25:32.994477 7feb57302cc0         Options.bottommost_compression_opts.zstd_max_train_bytes: 0
2022/10/18-16:25:32.994477 7feb57302cc0         Options.bottommost_compression_opts.parallel_threads: 1
2022/10/18-16:25:32.994478 7feb57302cc0                  Options.bottommost_compression_opts.enabled: false
2022/10/18-16:25:32.994478 7feb57302cc0            Options.compression_opts.window_bits: -14
2022/10/18-16:25:32.994479 7feb57302cc0                  Options.compression_opts.level: 32767
2022/10/18-16:25:32.994479 7feb57302cc0               Options.compression_opts.strategy: 0
2022/10/18-16:25:32.994480 7feb57302cc0         Options.compression_opts.max_dict_bytes: 0
2022/10/18-16:25:32.994480 7feb57302cc0         Options.compression_opts.zstd_max_train_bytes: 0
2022/10/18-16:25:32.994481 7feb57302cc0         Options.compression_opts.parallel_threads: 1
2022/10/18-16:25:32.994481 7feb57302cc0                  Options.compression_opts.enabled: false
2022/10/18-16:25:32.994482 7feb57302cc0      Options.level0_file_num_compaction_trigger: 4
2022/10/18-16:25:32.994482 7feb57302cc0          Options.level0_slowdown_writes_trigger: 20
2022/10/18-16:25:32.994483 7feb57302cc0              Options.level0_stop_writes_trigger: 36
2022/10/18-16:25:32.994483 7feb57302cc0                   Options.target_file_size_base: 67108864
2022/10/18-16:25:32.994483 7feb57302cc0             Options.target_file_size_multiplier: 1
2022/10/18-16:25:32.994484 7feb57302cc0                Options.max_bytes_for_level_base: 268435456
2022/10/18-16:25:32.994484 7feb57302cc0 Options.level_compaction_dynamic_level_bytes: 0
2022/10/18-16:25:32.994485 7feb57302cc0          Options.max_bytes_for_level_multiplier: 10.000000
2022/10/18-16:25:32.994486 7feb57302cc0 Options.max_bytes_for_level_multiplier_addtl[0]: 1
2022/10/18-16:25:32.994487 7feb57302cc0 Options.max_bytes_for_level_multiplier_addtl[1]: 1
2022/10/18-16:25:32.994487 7feb57302cc0 Options.max_bytes_for_level_multiplier_addtl[2]: 1
2022/10/18-16:25:32.994488 7feb57302cc0 Options.max_bytes_for_level_multiplier_addtl[3]: 1
2022/10/18-16:25:32.994488 7feb57302cc0 Options.max_bytes_for_level_multiplier_addtl[4]: 1
2022/10/18-16:25:32.994495 7feb57302cc0 Options.max_bytes_for_level_multiplier_addtl[5]: 1
2022/10/18-16:25:32.994496 7feb57302cc0 Options.max_bytes_for_level_multiplier_addtl[6]: 1
2022/10/18-16:25:32.994496 7feb57302cc0       Options.max_sequential_skip_in_iterations: 8
2022/10/18-16:25:32.994497 7feb57302cc0                    Options.max_compaction_bytes: 1677721600
2022/10/18-16:25:32.994497 7feb57302cc0                        Options.arena_block_size: 8388608
2022/10/18-16:25:32.994498 7feb57302cc0   Options.soft_pending_compaction_bytes_limit: 68719476736
2022/10/18-16:25:32.994498 7feb57302cc0   Options.hard_pending_compaction_bytes_limit: 274877906944
2022/10/18-16:25:32.994499 7feb57302cc0       Options.rate_limit_delay_max_milliseconds: 100
2022/10/18-16:25:32.994499 7feb57302cc0                Options.disable_auto_compactions: 1
2022/10/18-16:25:32.994500 7feb57302cc0                        Options.compaction_style: kCompactionStyleLevel
2022/10/18-16:25:32.994500 7feb57302cc0                          Options.compaction_pri: kMinOverlappingRatio
2022/10/18-16:25:32.994501 7feb57302cc0 Options.compaction_options_universal.size_ratio: 1
2022/10/18-16:25:32.994501 7feb57302cc0 Options.compaction_options_universal.min_merge_width: 2
2022/10/18-16:25:32.994502 7feb57302cc0 Options.compaction_options_universal.max_merge_width: 4294967295
2022/10/18-16:25:32.994502 7feb57302cc0 Options.compaction_options_universal.max_size_amplification_percent: 200
2022/10/18-16:25:32.994503 7feb57302cc0 Options.compaction_options_universal.compression_size_percent: -1
2022/10/18-16:25:32.994503 7feb57302cc0 Options.compaction_options_universal.stop_style: kCompactionStopStyleTotalSize
2022/10/18-16:25:32.994504 7feb57302cc0 Options.compaction_options_fifo.max_table_files_size: 1073741824
2022/10/18-16:25:32.994504 7feb57302cc0 Options.compaction_options_fifo.allow_compaction: 0
2022/10/18-16:25:32.994506 7feb57302cc0                   Options.table_properties_collectors: 
2022/10/18-16:25:32.994507 7feb57302cc0                   Options.inplace_update_support: 0
2022/10/18-16:25:32.994507 7feb57302cc0                 Options.inplace_update_num_locks: 10000
2022/10/18-16:25:32.994507 7feb57302cc0               Options.memtable_prefix_bloom_size_ratio: 0.000000
2022/10/18-16:25:32.994508 7feb57302cc0               Options.memtable_whole_key_filtering: 0
2022/10/18-16:25:32.994509 7feb57302cc0   Options.memtable_huge_page_size: 0
2022/10/18-16:25:32.994509 7feb57302cc0                           Options.bloom_locality: 0
2022/10/18-16:25:32.994510 7feb57302cc0                    Options.max_successive_merges: 0
2022/10/18-16:25:32.994510 7feb57302cc0                Options.optimize_filters_for_hits: 0
2022/10/18-16:25:32.994510 7feb57302cc0                Options.paranoid_file_checks: 0
2022/10/18-16:25:32.994511 7feb57302cc0                Options.force_consistency_checks: 1
2022/10/18-16:25:32.994511 7feb57302cc0                Options.report_bg_io_stats: 0
2022/10/18-16:25:32.994512 7feb57302cc0                               Options.ttl: 2592000
2022/10/18-16:25:32.994512 7feb57302cc0          Options.periodic_compaction_seconds: 2592000
2022/10/18-16:25:32.994513 7feb57302cc0                    Options.enable_blob_files: false
2022/10/18-16:25:32.994513 7feb57302cc0                        Options.min_blob_size: 0
2022/10/18-16:25:32.994514 7feb57302cc0                       Options.blob_file_size: 268435456
2022/10/18-16:25:32.994514 7feb57302cc0                Options.blob_compression_type: NoCompression
2022/10/18-16:25:32.994515 7feb57302cc0       Options.enable_blob_garbage_collection: false
2022/10/18-16:25:32.994515 7feb57302cc0   Options.blob_garbage_collection_age_cutoff: 0.250000
2022/10/18-16:25:32.994547 7feb57302cc0 [db/column_family.cc:595] --------------- Options for column family [NZ]:
2022/10/18-16:25:32.994548 7feb57302cc0               Options.comparator: leveldb.BytewiseComparator
2022/10/18-16:25:32.994549 7feb57302cc0           Options.merge_operator: None
2022/10/18-16:25:32.994549 7feb57302cc0        Options.compaction_filter: filter_outdated
2022/10/18-16:25:32.994569 7feb57302cc0        Options.compaction_filter_factory: None
2022/10/18-16:25:32.994571 7feb57302cc0  Options.sst_partitioner_factory: None
2022/10/18-16:25:32.994572 7feb57302cc0         Options.memtable_factory: SkipListFactory
2022/10/18-16:25:32.994572 7feb57302cc0            Options.table_factory: BlockBasedTable
2022/10/18-16:25:32.994585 7feb57302cc0            table_factory options:   flush_block_policy_factory: FlushBlockBySizePolicyFactory (0x565465921850)
  cache_index_and_filter_blocks: 0
  cache_index_and_filter_blocks_with_high_priority: 1
  pin_l0_filter_and_index_blocks_in_cache: 0
  pin_top_level_index_and_filter: 1
  index_type: 0
  data_block_index_type: 0
  index_shortening: 1
  data_block_hash_table_util_ratio: 0.750000
  hash_index_allow_collision: 1
  checksum: 1
  no_block_cache: 0
  block_cache: 0x5654659218a0
  block_cache_name: LRUCache
  block_cache_options:
    capacity : 8388608
    num_shard_bits : 4
    strict_capacity_limit : 0
    memory_allocator : None
    high_pri_pool_ratio: 0.000
  block_cache_compressed: (nil)
  persistent_cache: (nil)
  block_size: 4096
  block_size_deviation: 10
  block_restart_interval: 16
  index_block_restart_interval: 1
  metadata_block_size: 4096
  partition_filters: 0
  use_delta_encoding: 1
  filter_policy: nullptr
  whole_key_filtering: 1
  verify_compression: 0
  read_amp_bytes_per_bit: 0
  format_version: 4
  enable_index_compression: 1
  block_align: 0
2022/10/18-16:25:32.994589 7feb57302cc0        Options.write_buffer_size: 67108864
2022/10/18-16:25:32.994589 7feb57302cc0  Options.max_write_buffer_number: 2
2022/10/18-16:25:32.994590 7feb57302cc0          Options.compression: NoCompression
2022/10/18-16:25:32.994591 7feb57302cc0                  Options.bottommost_compression: Disabled
2022/10/18-16:25:32.994591 7feb57302cc0       Options.prefix_extractor: nullptr
2022/10/18-16:25:32.994592 7feb57302cc0   Options.memtable_insert_with_hint_prefix_extractor: nullptr
2022/10/18-16:25:32.994592 7feb57302cc0             Options.num_levels: 7
2022/10/18-16:25:32.994593 7feb57302cc0        Options.min_write_buffer_number_to_merge: 1
2022/10/18-16:25:32.994593 7feb57302cc0     Options.max_write_buffer_number_to_maintain: 0
2022/10/18-16:25:32.994593 7feb57302cc0     Options.max_write_buffer_size_to_maintain: 0
2022/10/18-16:25:32.994594 7feb57302cc0            Options.bottommost_compression_opts.window_bits: -14
2022/10/18-16:25:32.994594 7feb57302cc0                  Options.bottommost_compression_opts.level: 32767
2022/10/18-16:25:32.994595 7feb57302cc0               Options.bottommost_compression_opts.strategy: 0
2022/10/18-16:25:32.994595 7feb57302cc0         Options.bottommost_compression_opts.max_dict_bytes: 0
2022/10/18-16:25:32.994596 7feb57302cc0         Options.bottommost_compression_opts.zstd_max_train_bytes: 0
2022/10/18-16:25:32.994596 7feb57302cc0         Options.bottommost_compression_opts.parallel_threads: 1
